# kcts = kilocounts per hour - must multiply Xe numbers by 50 to match other
      3624.08      600.000
      3922.55      500.000
      4180.10      1000.00
      4245.38      500.000
      4296.40      500.000
      4310.51      500.000
      4330.52      1000.00
      4393.20      500.000
      4395.76      500.000
      4448.13      500.000
      4462.19      1000.00
      4462.19      1000.00
      4480.86      500.000
      4734.15      600.000
      4734.15      600.000
      4807.02      500.000
      4807.02      500.000
      4916.51      500.000
      4923.15      500.000
      4916.51      500.000
      4923.15      500.000
      5080.62      1000.00
      5260.43      500.000
      5261.94      500.000
      5292.22      2000.00
      5313.87      1000.00
      5372.38      500.000
      5438.96      800.000
      5472.61      1000.00
      5531.07      600.000
      5667.56      600.000
      5726.91      500.000
      5751.03      500.000
      5945.53      500.000
      6036.20      1000.00
      6051.15      2000.00
      6093.50      600.000
      6097.59      1500.00
      6194.06      500.000
      6270.81      500.000
      6318.06      500.000
      6318.06      500.000
      6356.35      600.000
      6805.74      1000.00
      6805.74      1000.00
      6942.10      800.000
      6990.88      2000.00
      7119.59      500.000
      7119.59      500.000
      7119.61      500.000
      7119.61      500.000
      7164.82      500.000
      #7642.01      500.000
      #7967.33      500.000
      #7967.33      500.000
      8206.34      700.000
      8231.63      10000.0
      8231.63      10000.0
      8280.11      7000.00
      8280.11      7000.00
      8280.11      7000.00
      8346.81      2000.00
      8346.81      2000.00
      8408.20      15000.0
      8409.18      2000.00
      8819.40      5000.00
      8819.40      5000.00
      8952.25      1000.00
      8952.25      1000.00
      9162.64      500.000
      9162.64      500.000
      9799.70      2000.00
