      3778.09      500.000
      3783.09      500.000
      4088.34      500.000
      4317.81      500.000
      4319.58      1000.00
      4355.48      3000.00
      4362.64      500.000
      4475.01      800.000
      4502.35      600.000
      4615.29      500.000
      4619.17      1000.00
      4633.88      800.000
      4680.41      500.000
      4739.00      3000.00
      4765.74      1000.00
      4846.61      700.000
      5208.32      500.000
      5333.40      500.000
      5562.22      500.000
      5570.29      2000.00
      5870.91      3000.00
      7587.41      1000.00
      7601.54      2000.00
      7685.24      1000.00
      7694.53      1200.00
      7854.82      800.000
      8059.50      1500.00
      8190.05      3000.00
      8281.04      1500.00
      8298.10      5000.00
      8508.87      3000.00
      8776.74      6000.00
      8928.69      2000.00
      9293.81      500.000
      9577.52      500.000
      9605.79      500.000
      9751.75      2000.00
      9803.14      500.000
      9856.31      500.000
