# lines in um and in vacuum
      0.58541104
      0.58835252
      0.59464811
      0.59771893
      0.60316669
      0.60760188
      0.60978507
      0.61301463
      0.61447622
      0.61652998
      0.62190012
      0.62682284
      0.63065327
      0.63361796
      0.63847557
      0.64040158
      0.65083258
      0.65346869
      0.66007757
      0.66539290
      0.66801200
      0.67188975
      0.69313786
      0.70259871
      0.70343523
      0.71759155
      0.72471627
      0.74409469
      0.74909334
      0.75378490
      0.75461213
      0.80846796
      0.81386432
      0.83026055
      0.83799084
      0.84207395
      0.84976933
      0.85936182
      0.86370189
      0.86567613
      0.88562982
      0.88681905
      0.89219480
      0.89910477
      0.91511910
      0.92042854
      0.93034022
      0.93165358
      0.93290792
      0.93567847
      0.94279660
      0.94618051
      0.94892826
      0.95367824
      0.95500190
      0.96680750
