       1.9048527
       1.9114441
       1.9193496
       1.9193578
       1.9249748
       1.9250865
       1.9350324
       1.9399959
       1.9518828
       1.9555590
       1.9562061
       1.9593670
       1.9618953
       1.9642697
       1.9678137
       1.9699527
       1.9702268
       1.9734920
       1.9737500
       1.9751486
       1.9751543
       1.9771980
       1.9839814
       2.0005059
       2.0008178
       2.0024902
       2.0033264
       2.0069113
       2.0116184
       2.0193434
       2.0276033
       2.0339371
       2.0339623
       2.0413055
       2.0499371
       2.0564143
       2.0673021
       2.0728170
       2.0729859
       2.0860621
       2.0908451
       2.0910686
       2.1061498
       2.1062689
       2.1068141
       2.1096889
       2.1104275
       2.1107104
       2.1116061
       2.1156307
       2.1176387
       2.1176727
       2.1232494
       2.1249705
       2.1326033
       2.1505109
       2.1507326
       2.1537586
       2.1580787
       2.1637486
       2.1711408
       2.1802514
       2.1873689
       2.1956035
       2.2052412
       2.2126160
       2.2247936
       2.2311799
       2.2313650
       2.2459926
       2.2460602
       2.2516727
       2.2519211
       2.2690982
       2.2740375
       2.2743555
