      0.56172025
      0.60760197
      0.60978508
      0.61301460
      0.61447627
      0.61652995
      0.61739859
      0.62176583
      0.62190014
      0.62448472
      0.62501338
      0.62542833
      0.62682285
      0.63065327
      0.63361793
      0.63847564
      0.63864819
      0.64040159
      0.64047827
      0.65083262
      0.65346873
      0.66007758
      0.67188974
      0.69313789
      0.70259874
      0.70343524
      0.71759155
      0.72471632
      0.74909335
      0.75378490
      0.75461217
      0.83293415
      0.83799089
      0.83900747
      0.84976936
      0.85936180
      0.86370194
      0.86567601
      0.86910076
      0.89219500
       1.0801078
       1.0847511
