# OH line wavelengths in micron, extracted from Rousselot et al., 2000, A & A, 354, 1134
# plus a few atomic lines from Osterbrock et al. (1996)
# wavelengths in vacuum
#
  0.55788889        1
 #0.58915852        1
 #0.58975568        1
 #
  0.63020422        1
  0.63655394        1
  0.65005249        1
  0.65348482        1
  0.65554273        1
  0.65791011        1
  0.68658483        1
  0.69027371        1
  0.69145293        1
  0.69251294        1
  0.69414355        1
  0.69509609        1
 #0.69718521        1
  0.69803386        1
 #0.70057896        1
  0.70133440        1
 #0.70500544        1
 #0.72469036        1
 #0.72485120        1
 #0.72551255        1
  0.72784102        1
 #0.72864460        1
 #0.72979495        1
  0.73057285        1
 #0.73182981        1
  0.73311670        1
  0.73429070        1
 #0.73606860        1
  0.73713955        1
  0.73942346        1
  0.74038970        1
 #0.74318269        1
  0.74405215        1
 #0.75327864        1
 #0.75424575        1
  0.75595725        1
  0.75738301        1
 #0.75881814        1
  0.76005352        1
 #0.76201475        1
 #0.76307234        1
 #0.76554202        1
 #0.76644712        1
  0.77527738        1
 #0.77621317        1
  0.77962559        1
  0.78106155        1
  0.78236550        1
  0.78434236        1
 #0.78601555        1
 #0.78628206        1
 #0.78698950        1
 #0.78728960        1
 #0.78809502        1
 #0.78838506        1
  0.78920215        1
 #0.79158854        1
 #0.79232209        1
  0.79333049        1
 #0.79479775        1
  0.79513906        1
  0.79668411        1
 #0.79795127        1
 #0.79819629        1
  0.79955305        1
  0.80162629        1
  0.80280176        1
  0.80542346        1
  0.80643950        1
 #0.80959050        1
  0.81047278        1
 #0.82886753        1
 #0.82908809        1
 #0.82985200        1
 #0.83011777        1
  0.83130039        1
  0.83469014        1
 #0.83551616        1
  0.83670190        1
  0.83846953        1
  0.84014780        1
  0.84175430        1
  0.84324912        1
  0.84545723        1
  0.84676846        1
  0.84957227        1
  0.85071777        1
 #0.85410225        1
  0.85510566        1
 #0.85994009        1
 #0.87786187        1
 #0.87807437        1
  0.87936001        1
  0.88295197        1
 #0.88388638        1
  0.88522485        1
  0.88698472        1
  0.88882891        1
  0.89055591        1
  0.89220835        1
  0.89458506        1
  0.89605430        1
  0.89908335        1
  0.90038169        1
 #0.90405376        1
  0.90520225        1
 #0.90950584        1
  0.91052676        1
 #0.91545284        1
  0.91636676        1
 #0.92191076        1
  0.92273533        1
 #0.92889780        1
 #0.92964786        1
 #0.93154575        1
  0.93404160        1
  0.93892832        1
  0.94046611        1
 #0.94223135        1
 #0.94248638        1
  0.94422397        1
  0.94611230        1
  0.94794541        1
  0.95054214        1
  0.95219658        1
  0.95551548        1
  0.95699634        1
  0.96103618        1
  0.96236040        1
  0.96714219        1
  0.96768877        1
  0.96931626        1
  0.97019980        1
  0.97143696        1
  0.97224966        1
  0.97407603        1
 #0.97992256        1
  0.98023569        1
  0.98146748        1
  0.98309185        1
  0.98511851        1
  0.98748442        1
  0.98974575        1
  0.99173906        1
 #0.99443691        1
 #0.99479897        1
 #0.99504736        1
  0.99593071        1
  0.99646621        1
  0.99750830        1
   1.0002737        1
   1.0015555        1
   1.0028200        1
   1.0046266        1
   1.0063473        1
   1.0085231        1
   1.0106374        1
   1.0126784        1
   1.0155756        1
   1.0161266        1
   1.0174488        1
   1.0183826        1
   1.0192500        1
   1.0205844        1
  #1.0211577        1
   1.0213851        1
   1.0228586        1
   1.0233464        1
  #1.0295345        1
   1.0298846        1
   1.0312344        1
   1.0330129        1
   1.0350127        1
   1.0375720        1
   1.0399386        1
   1.0421219        1
   1.0453365        1
   1.0471830        1
   1.0512012        1
   1.0527657        1
   1.0575402        1
   1.0588762        1
   1.0700044        1
   1.0706409        1
   1.0713681        1
   1.0723351        1
   1.0731714        1
   1.0746152        1
   1.0753920        1
   1.0775060        1
  #1.0840780        1
   1.0844693        1
   1.0859628        1
   1.0879289        1
   1.0898680        1
   1.0926430        1
   1.0951349        1
   1.0975331        1
   1.1009293        1
   1.1029814        1
   1.1072457        1
   1.1090019        1
   1.1140912        1
   1.1156034        1
   1.1227947        1
   1.1291167        1
    ########   checked from here
  #1.1299440        1 # faint, too close/1
  #1.1306335        1 # faint, too close/2
   1.1312851        1
  #1.1323366        1 # faint, too close
   1.1331193        1
  #1.1346885        1 # not there
   1.1354235        1
  #1.1377135        1 # faint
  #1.1447236        1 # wrong wavelength?
  #1.1451604        1 # wrong wavelength?
   1.1468326        1
   1.1490320        1 # faint
  #1.1508616        1 # super faint
   1.1538791        1
   1.1565249        1
   1.1591685        1
   1.1627847        1
   1.1650746        1
   1.1696348        1
   1.1716151        1
   1.1770828        1
   1.1788029        1
   1.1851443        1
   1.1866503        1
  #1.1968862        1  # too close/1
  #1.1975834        1  # too close/2
  #1.1983324        1  # too close/1
  #1.1988647        1  # too close/2
  #1.2000141        1  # too close/1
   1.2007078        1  # too close/2? but brighter
  #1.2024246        1  # too close/1
   1.2030885        1  # too close/2? but brighter
   1.2055878        1
   1.2135922        1
   1.2154935        1
   1.2179922        1  # faint
   1.2196386        1
   1.2229294        1
   1.2257729        1
   1.2286989        1
   1.2325913        1
   1.2351597        1
   1.2400878        1
   1.2423347        1
   1.2482708        1
   1.2502417        1
  #1.2571580        1
  #1.2747959        1
  #1.2752797        1
  #1.2760993        1 # problematic area around 1.27 um
  #1.2764418        1
  #1.2777100        1
  #1.2782567        1
  #1.2801543        1
  #1.2806983        1
   1.2834564        1
   1.2921132        1
   1.2943176        1
   1.2972127        1 # faint
   1.2985646        1
   1.3021635        1
   1.3052740        1
   1.3085265        1
   1.3127822        1
   1.3156793        1
   1.3210848        1
   1.3236516        1
  #1.3301917        1 # faint
   1.3324683        1
  #1.3401247        1 # faint
  #1.3664103        1 # faint
  #1.3689089        1 # faint
  #1.3713421        1
  #1.3716834        1
  #1.3836390        1
  #1.3842113        1
   1.3868320        1
   #########  checked until here
  #1.3902719        1
   1.3911548        1
   1.3951010        1
   1.3985895        1
   1.4022226        1
   1.4044573        1
   1.4058865        1
   1.4069796        1
   1.4086711        1
   1.4102697        1
  #1.4107007        1
   1.4134002        1
   1.4162960        1
   1.4186057        1
   1.4192813        1
   1.4227202        1
   1.4266356        1
   1.4292924        1
  #1.4352271        1
   1.4356720        1
   1.4374413        1
   1.4397754        1
  #1.4469110        1
  #1.4518961        1
  #1.4563982        1
  #1.4604833        1
  #1.4665069        1
  #1.4698437        1
  #1.4702242        1
  #1.4740015        1
  #1.4755589        1
  #1.4772383        1
  #1.4783737        1
  #1.4799832        1
  #1.4805790        1
   1.4833094        1
   1.4864397        1
   1.4886166        1
   1.4931883        1
  #1.5063998        1
  #1.5068968        1
   1.5088276        1
   1.5113725        1
   1.5187140        1
   1.5240954        1
   1.5287789        1
   1.5332402        1
   1.5395334        1
   1.5432157        1
  #1.5500864        1
  #1.5509769        1
  #1.5517873        1
  #1.5540328        1
  #1.5546141        1
   1.5570160        1
   1.5597631        1
  #1.5631266        1
   1.5702539        1
  #1.5842503        1
   1.5848061        1
  #1.5869307        1
  #1.5897288        1
   1.5972597        1
   1.6030832        1
   1.6079753        1
   1.6128608        1
   1.6194615        1
   1.6235376        1
   1.6317162        1
  #1.6341755        1
   1.6351302        1
   1.6360385        1
   1.6388492        1
   1.6414737        1
   1.6442155        1
  #1.6447616        1
   1.6502365        1
   1.6553814        1
  #1.6702639        1
   1.6708852        1
   1.6732479        1
  #1.6763572        1
   1.6840481        1
   1.6903680        1
   1.6955078        1
   1.7008757        1
   1.7078369        1
   1.7123659        1
   1.7210319        1
  #1.7243039        1
   1.7248623        1
   1.7282868        1
   1.7303370        1
   1.7330869        1
   1.7351152        1
   1.7359687        1
   1.7427045        1
   1.7449967        1
  #1.7501229        1
   1.7505897        1
  #1.7664881        1
   1.7671812        1
   1.7698442        1
   1.7733455        1
   1.7811475        1
   1.7880299        1
   1.7934744        1
   1.7993962        1
   1.8067935        1
   1.8118494        1
   1.8211014        1
   1.8254214        1
   1.8313308        1
   1.8352824        1
   1.8364214        1
   1.8375503        1
   1.8400935        1
   1.8433546        1
   1.8459584        1
   1.8504005        1
   1.8526067        1
   1.8587329        1
   1.8758194        1
   1.8765882        1
   1.8796411        1
   1.8836521        1
   1.8914833        1
   1.8990081        1
   1.9048435        1
   1.9114085        1
   1.9193537        1
   1.9250307        1
   1.9350119        1
   1.9399176        1
   1.9518439        1
  #1.9555347        1
   1.9593420        1
   1.9618724        1
   1.9642467        1
   1.9677998        1
   1.9751515        1
   1.9771862        1
   1.9839729        1
  #2.0024830        1
  #2.0033211        1
   2.0068995        1
  #2.0115975        1
   2.0193227        1
   2.0275840        1
   2.0339497        1
   2.0412680        1
   2.0499364        1
   2.0563548        1
  #2.0672845        1
   2.0729015        1
   2.0860246        1
   2.1033264        1
   2.1062094        1
   2.1067935        1
  #2.1096603        1
  #2.1115856        1
  #2.1156116        1
   2.1176557        1
  #2.1232424        1
  #2.1249593        1
   2.1325974        1
  #2.1528663        1
  #2.1537522        1
   2.1580643        1
   2.1637229        1
   2.1711170        1
   2.1802313        1
   2.1873519        1
   2.1955638        1
   2.2052366        1
   2.2125518        1
   2.2247809        1
   2.2312725        1
   2.2460264        1
  2.25179267        1 #mdrp
   2.2690402        1
  2.27421907        1 #mdrp
      2.2939        1 #byeye
  #2.3207370        1
  #2.3247104        1
  #2.3489985        1
  #2.3528533        1
   2.3800993        0
  #2.3836594        1
  #2.391455         1 #mdrp
  #2.404162         1 #mdrp
   2.3859770        1 #empirical
   2.3881495        1 #empirical
   2.3915043        1 #empirical
   2.3967402        0 #empirical
   2.4003725        0 #empirical
   2.4061012        1 #empirical
   2.4069779        1 #empirical
   2.4076996        1 #empirical
   2.4098797        1 #empirical
   2.4117630        1 #empirical
   2.4220569        1 #empirical
   2.4263780        1 #empirical
   2.4472759        1 #empirical
  #2.4480660        1 #empirical
   2.4502144        1 #empirical
   2.4513352        0 #empirical
  #2.4537985        1 #empirical
   2.4546795        1 #empirical
   2.4627638        0 #empirical
   2.4644165        1 #empirical
   2.4678078        1 #empirical
   2.4774439        1 #empirical
   2.4785986        1 #empirical
   2.4815240        0 #empirical
