# lines in um and in vacuum
      0.36251133
      0.39236608
      0.41812782
      0.42465753
      0.42976087
      0.43117224
      0.43317377
      0.43944342
      0.43969949
      0.44493787
      0.44634424
      0.44821173
      0.47354743
      0.48083636
      0.49178827
      0.49245244
      0.49178827
      0.49245244
      0.50820363
      0.52618942
      0.52634046
      0.52936926
      0.53153484
      0.53738740
      0.54404718
      0.54741308
      0.55326064
      0.56691329
      0.57284988
      0.57526252
      0.59471773
      0.60378716
      0.60528256
      0.60951870
      0.60992781
      0.61957739
      0.62725445
      0.63198072
      0.63581075
      0.68076183
      0.69440150
      0.69928082
      0.71215528
      0.71215728
      0.71667950
      0.82085961
      0.82338930
      0.82823861
      0.83491041
      0.84105107
      0.84114910
      0.88218219
      0.89547079
      0.91651548
      0.98023874
