       1.0015562
       1.0085288
       1.0126898
       1.0174990
       1.0192574
       1.0213900
       1.0233499
       1.0289464
       1.0298867
       1.0350193
       1.0375799
       1.0399412
       1.0421366
       1.0453395
       1.0472057
       1.0527969
       1.0713771
       1.0731788
       1.0746159
       1.0753969
       1.0775095
       1.0832271
       1.0834296
       1.0844717
       1.0859679
       1.0898751
       1.0926511
       1.0951381
       1.0975484
       1.1009318
       1.1030053
       1.1072363
       1.1072551
       1.1090350
       1.1156465
       1.1299528
       1.1312937
       1.1323415
       1.1331266
       1.1346894
       1.1354283
       1.1377171
       1.1439947
       1.1451631
       1.1468384
       1.1538876
       1.1565288
       1.1591847
       1.1627867
       1.1651000
       1.1696442
       1.1716507
       1.1788495
       1.2007148
       1.2055912
       1.2120406
       1.2122648
       1.2135952
       1.2154999
       1.2196472
       1.2229382
       1.2257777
       1.2287158
       1.2325925
       1.2351865
       1.2400967
       1.2423727
       1.2482885
       1.2502919
       1.2834594
       1.2921165
       1.2943249
       1.2985742
       1.3021726
       1.3052801
       1.3085443
       1.3127823
       1.3157079
       1.3210927
       1.3236927
       1.3302090
       1.3325231
       1.3420836
       1.3422235
       1.3665490
       1.3674946
       1.3689185
       1.3692174
       1.3747779
       1.3821996
       1.3823771
       1.3842152
       1.3868408
       1.3911661
       1.3951105
       1.3985981
